1 1 1 1 1 1 1 1 1 1 1 1 1 1 1 1 1 1 1 1 1 1 1 1 1 1 1 1 1 1 1 1 1 1 1 1 1 1 1 1 1 1 1 1 1
1 1 1 1 1 1 1 1 1 1 1 1 1 1 1 5 5 5 5 5 5 5 5 5 5 5 5 5 5 5 5 5 5 5 5 5 5 5 5 5 5 5 5 5 1
1 1 1 1 1 1 1 1 1 1 1 1 1 1 0 0 0 0 0 0 0 0 0 0 0 0 0 0 0 0 0 0 0 5 5 5 5 5 5 5 5 5 5 5 1
1 1 1 1 1 1 1 1 1 1 1 1 1 4 0 0 0 0 0 0 0 0 0 0 0 0 0 0 0 0 0 0 0 5 5 5 5 5 5 5 5 5 5 6 1
1 1 1 1 1 1 1 1 1 1 1 1 0 4 0 0 0 0 0 0 0 0 0 0 0 0 0 0 0 0 0 0 0 5 5 5 5 5 5 5 5 5 6 6 1
1 1 1 1 1 1 1 1 1 1 1 0 0 4 0 0 0 0 0 0 2 0 0 0 0 0 0 0 0 0 0 0 0 5 5 5 5 5 5 5 5 6 6 6 1
1 1 1 1 1 1 1 1 1 1 0 0 0 4 6 6 6 6 6 6 2 2 0 0 0 0 0 0 0 0 0 0 0 5 5 5 5 5 5 5 6 6 6 6 1
1 1 1 1 1 1 1 1 1 0 0 0 0 4 6 6 6 6 6 6 2 2 2 0 0 0 0 0 0 0 0 0 0 5 5 5 5 5 5 6 6 6 6 6 1
1 1 1 1 1 1 1 1 0 0 0 0 0 4 6 6 6 6 6 6 2 2 2 2 0 0 0 0 0 0 0 0 0 5 5 5 5 5 6 6 6 6 6 6 1
1 1 1 1 1 1 1 0 0 0 0 0 0 4 6 6 6 6 6 6 2 2 2 2 2 0 0 0 0 0 0 0 0 5 5 5 5 6 6 6 6 6 6 6 1
1 1 1 1 1 1 0 0 0 0 0 0 0 4 6 6 6 6 6 6 2 2 2 2 2 2 0 0 0 0 0 2 0 5 5 5 6 6 6 6 6 6 6 6 1
1 1 1 1 1 0 0 0 0 0 0 0 0 4 6 6 6 6 6 6 2 2 2 2 2 2 2 0 0 2 2 2 0 5 6 6 6 6 6 6 6 6 6 6 1
1 1 1 1 0 0 0 0 0 0 0 0 0 4 6 6 6 6 6 6 2 2 2 2 2 2 2 2 0 2 2 2 0 6 6 6 6 6 6 6 6 6 6 6 1
1 1 1 0 0 0 0 0 0 0 0 0 0 4 6 6 6 6 6 6 2 2 2 2 2 2 2 2 2 2 2 2 0 0 0 0 0 6 6 6 6 6 6 6 1
1 1 0 0 0 0 0 0 0 0 0 0 0 4 6 6 6 6 6 6 2 2 2 2 2 2 2 2 2 2 2 2 0 0 0 0 0 6 6 6 6 6 6 6 1
1 1 0 0 0 0 0 0 0 0 0 0 0 4 4 4 4 4 4 4 2 2 2 2 2 2 2 2 2 2 2 2 0 0 0 0 0 6 6 6 6 6 6 6 1
1 1 0 0 0 0 0 0 0 0 0 0 0 4 4 4 4 4 4 4 2 2 2 2 2 2 2 2 2 2 2 2 0 0 0 0 0 6 6 6 6 0 0 6 1
1 1 0 0 0 0 0 0 0 0 0 0 0 4 4 4 4 4 4 4 2 2 2 2 2 2 2 2 2 2 2 2 0 0 0 0 5 6 6 6 6 0 0 6 1
1 1 0 0 0 0 0 0 0 0 0 0 0 4 4 4 4 4 4 4 2 2 2 2 2 2 2 2 2 2 2 2 2 2 2 5 5 5 0 0 0 0 0 6 1
1 1 0 0 0 0 0 0 0 0 0 0 0 4 4 4 4 4 4 4 2 2 2 2 2 2 2 2 2 2 2 2 2 2 5 5 5 5 5 0 0 0 0 6 1
1 1 0 0 0 0 0 0 0 0 0 0 0 4 4 4 4 4 4 4 4 4 2 2 2 2 2 2 2 2 2 2 2 5 5 5 5 5 5 5 0 0 0 6 1
1 1 0 0 0 0 0 0 0 0 0 0 0 4 4 4 4 4 4 4 4 4 4 2 2 2 2 2 2 2 2 2 5 5 5 5 5 5 5 5 5 0 0 6 1
1 4 4 4 4 4 4 4 4 4 4 4 4 4 4 4 4 4 4 4 4 4 4 4 2 2 2 2 2 2 5 5 5 5 5 5 5 5 5 5 5 5 0 6 1
1 4 4 4 4 4 4 4 3 3 3 3 3 3 3 3 3 3 3 3 3 3 3 3 3 3 3 3 3 3 3 5 5 5 5 5 5 5 5 5 5 5 5 6 1
1 4 4 4 4 4 4 4 3 3 3 3 3 3 3 3 3 3 3 3 3 3 3 3 3 3 3 3 3 3 3 5 5 5 5 5 5 5 5 5 5 5 5 6 1
1 4 4 4 4 4 4 4 3 3 3 3 3 3 3 3 3 3 3 3 3 3 3 3 3 3 3 3 3 3 3 5 5 5 5 5 5 5 5 5 5 5 5 6 1
1 4 4 4 4 4 4 4 3 3 3 3 3 3 3 3 3 3 3 3 3 3 3 3 3 3 3 3 3 3 3 5 5 5 5 5 5 5 5 5 5 5 5 6 1
1 4 4 4 4 4 4 4 3 3 3 3 3 3 3 3 3 3 3 3 3 3 3 3 3 3 3 3 3 3 3 5 5 5 5 5 5 5 5 5 5 5 5 6 1
1 4 4 4 4 4 4 4 3 3 3 3 3 3 3 3 3 3 3 3 3 3 3 3 3 3 3 3 3 3 3 5 5 5 5 5 5 5 5 5 5 5 5 5 1
1 4 4 4 4 4 4 4 4 4 4 0 0 0 0 0 0 0 0 0 0 0 0 0 0 0 0 0 0 0 3 5 5 5 5 5 5 5 5 5 5 5 5 5 1
1 4 4 4 4 4 4 4 4 4 4 0 0 0 0 0 0 0 0 0 0 0 0 0 0 0 0 0 0 0 3 5 5 5 5 5 5 5 5 5 5 5 5 5 1
1 4 4 4 4 4 4 4 4 4 4 0 0 0 0 0 0 0 0 0 0 0 0 0 0 0 0 0 0 0 3 5 5 5 5 5 5 5 5 5 5 5 5 5 1
1 4 4 4 4 4 4 4 4 4 4 0 0 0 0 0 0 0 0 0 0 0 0 0 0 0 0 0 0 0 3 5 5 5 5 5 5 5 5 5 5 5 5 5 1
1 0 0 0 0 0 0 0 0 0 0 0 0 0 0 0 0 0 0 0 0 0 0 0 0 0 0 0 0 0 3 5 5 5 5 5 5 5 5 5 5 5 5 5 1
1 1 1 1 1 1 1 1 1 1 1 1 1 1 1 1 1 1 1 1 1 1 1 1 1 1 1 1 1 1 1 1 1 1 1 1 1 1 1 1 1 1 1 1 1